# at 7/11/2016, 1:21:03 PM, a new structure of weight 100000
20, 60 >> 60, 60 | 150
# at 7/11/2016, 1:22:40 PM, a new structure of weight 100000
20, 60 >> 60, 60 | 150
20, 1.7 >> 60, 60 | 150
# at 7/11/2016, 1:22:58 PM, a new structure of weight 100000
20, 60 >> 60, 60 | 150
20, 1.7 >> 60, 60 | 150
60, 1.7 >> 20, 60 | 150
# at 7/11/2016, 1:23:02 PM, a new structure of weight 100000
20, 60 >> 60, 60 | 150
20, 1.7 >> 60, 60 | 150
60, 1.7 >> 20, 60 | 150
20, 1.7 >> 60, 1.7 | 150
# at 7/11/2016, 1:23:07 PM, a new structure of weight 20384.887615780448
20, 60 >> 60, 60 | 46.86111032590051
20, 1.7 >> 60, 60 | 12.127427015531886
60, 1.7 >> 20, 60 | 153.53322601663368
20, 1.7 >> 60, 1.7 | 0
20, 1.7 >> 20, 60 | 116.60011659999999
# at 7/11/2016, 1:23:40 PM, a new structure of weight 16795.559999999998
20, 60 >> 60, 60 | 0
20, 1.7 >> 60, 60 | 70.70289950055088
60, 1.7 >> 20, 60 | 70.70289950055088
20, 1.7 >> 60, 1.7 | 0
20, 1.7 >> 20, 60 | 48.300048299999986
60, 60 >> 60, 1.7 | 68.30006829999998
# at 7/11/2016, 1:23:44 PM, a new structure of weight 20384.887615780448
20, 60 >> 60, 60 | 46.86111032590051
20, 1.7 >> 60, 60 | 12.127427015531886
60, 1.7 >> 20, 60 | 153.53322601663368
20, 1.7 >> 60, 1.7 | 0
20, 1.7 >> 20, 60 | 116.60011659999999
# at 7/11/2016, 1:23:49 PM, a new structure of weight 16795.559999999998
20, 60 >> 60, 60 | 0
20, 1.7 >> 60, 60 | 70.70289950055088
60, 1.7 >> 20, 60 | 70.70289950055088
20, 1.7 >> 60, 1.7 | 0
20, 1.7 >> 20, 60 | 48.300048299999986
60, 60 >> 60, 1.7 | 68.30006829999998
# at 7/11/2016, 1:23:54 PM, a new structure of weight 20384.887615780448
20, 60 >> 60, 60 | 46.86111032590051
20, 1.7 >> 60, 60 | 12.127427015531886
60, 1.7 >> 20, 60 | 153.53322601663368
20, 1.7 >> 60, 1.7 | 0
20, 1.7 >> 20, 60 | 116.60011659999999
# at 7/11/2016, 1:23:57 PM, a new structure of weight 100000
20, 60 >> 60, 60 | 46.86111032590051
60, 1.7 >> 20, 60 | 153.53322601663368
20, 1.7 >> 60, 1.7 | 0
20, 1.7 >> 20, 60 | 116.60011659999999
# at 7/11/2016, 1:24:02 PM, a new structure of weight 20384.887615780448
20, 60 >> 60, 60 | 46.86111032590051
60, 1.7 >> 20, 60 | 153.53322601663368
20, 1.7 >> 60, 1.7 | 0
20, 1.7 >> 20, 60 | 116.60011659999999
60, 60 >> 20, 1.7 | 12.127427015531886
# at 7/11/2016, 1:24:12 PM, a new structure of weight 16795.559999999998
20, 60 >> 60, 60 | 0
60, 1.7 >> 20, 60 | 70.70289950055088
20, 1.7 >> 60, 1.7 | 0
20, 1.7 >> 20, 60 | 48.300048299999986
60, 60 >> 20, 1.7 | 70.70289950055088
60, 60 >> 60, 1.7 | 68.30006829999998
# at 7/11/2016, 1:24:17 PM, a new structure of weight 16795.559999999998
20, 60 >> 60, 60 | 0
60, 1.7 >> 20, 60 | 70.70289950055088
20, 1.7 >> 60, 1.7 | 0
20, 1.7 >> 20, 60 | 48.300048299999986
60, 60 >> 20, 1.7 | 70.70289950055088
60, 60 >> 60, 1.7 | 68.30006829999998
60, 1.7 >> 70.87106323242188, 26.026397705078125 | 0
# at 7/11/2016, 1:24:20 PM, a new structure of weight 16795.559999999998
20, 60 >> 60, 60 | 0
60, 1.7 >> 20, 60 | 70.70289950055088
20, 1.7 >> 60, 1.7 | 0
20, 1.7 >> 20, 60 | 48.300048299999986
60, 60 >> 20, 1.7 | 70.70289950055088
60, 60 >> 60, 1.7 | 68.30006829999998
# at 7/11/2016, 1:24:25 PM, a new structure of weight 20384.887615780448
20, 60 >> 60, 60 | 46.86111032590051
60, 1.7 >> 20, 60 | 153.53322601663368
20, 1.7 >> 60, 1.7 | 0
20, 1.7 >> 20, 60 | 116.60011659999999
60, 60 >> 20, 1.7 | 12.127427015531886

# saved# at 7/11/2016, 1:24:57 PM, a new structure of weight 100000
20, 60 >> 60, 60 | 46.86111032590051
60, 1.7 >> 20, 60 | 153.53322601663368
20, 1.7 >> 60, 1.7 | 0
20, 1.7 >> 20, 60 | 116.60011659999999
# at 7/11/2016, 1:25:01 PM, a new structure of weight 100000
20, 60 >> 60, 60 | 46.86111032590051
20, 1.7 >> 60, 1.7 | 0
20, 1.7 >> 20, 60 | 116.60011659999999
# at 7/11/2016, 1:25:18 PM, a new structure of weight 100000
20, 60 >> 60, 60 | 46.86111032590051
20, 1.7 >> 60, 1.7 | 0
20, 1.7 >> 20, 60 | 116.60011659999999
20, 60 >> 42.16097640991211, 35.21053695678711 | 150
# at 7/11/2016, 1:25:27 PM, a new structure of weight 100000
20, 60 >> 60, 60 | 46.86111032590051
20, 1.7 >> 60, 1.7 | 0
20, 1.7 >> 20, 60 | 116.60011659999999
20, 60 >> 42.16097640991211, 35.21053695678711 | 150
42.16097640991211, 35.21053695678711 >> 20, 1.7 | 150
# at 7/11/2016, 1:25:33 PM, a new structure of weight 100000
20, 60 >> 60, 60 | 46.86111032590051
20, 1.7 >> 60, 1.7 | 0
20, 1.7 >> 20, 60 | 116.60011659999999
20, 60 >> 42.16097640991211, 35.21053695678711 | 150
42.16097640991211, 35.21053695678711 >> 20, 1.7 | 150
42.16097640991211, 35.21053695678711 >> 60, 1.7 | 150
# at 7/11/2016, 1:25:35 PM, a new structure of weight 18080.686858351233
20, 60 >> 60, 60 | 47.19625937676283
20, 1.7 >> 60, 1.7 | 0
20, 1.7 >> 20, 60 | 87.53853708037038
20, 60 >> 42.16097640991211, 35.21053695678711 | 130.8318110841231
42.16097640991211, 35.21053695678711 >> 20, 1.7 | 22.85271353178106
42.16097640991211, 35.21053695678711 >> 60, 1.7 | 143.4210502722487
42.16097640991211, 35.21053695678711 >> 60, 60 | 12.32013690340318

# saved# at 7/11/2016, 1:26:30 PM, a new structure of weight 17237.730694105136
20, 60 >> 60, 60 | 44.45312511573728
20, 1.7 >> 60, 1.7 | 0
20, 1.7 >> 20, 60 | 61.668185849709275
20, 60 >> 49.029788970947266, 35.36489486694336 | 110.76401669503626
49.029788970947266, 35.36489486694336 >> 20, 1.7 | 59.3303763610285
49.029788970947266, 35.36489486694336 >> 60, 1.7 | 133.15228121012044
49.029788970947266, 35.36489486694336 >> 60, 60 | 10.946696627206808
# at 7/11/2016, 1:27:00 PM, a new structure of weight 100000
20, 60 >> 60, 60 | 44.45312511573728
20, 1.7 >> 60, 1.7 | 0
20, 1.7 >> 20, 60 | 61.668185849709275
20, 60 >> 49.029788970947266, 35.36489486694336 | 110.76401669503626
49.029788970947266, 35.36489486694336 >> 20, 1.7 | 59.3303763610285
49.029788970947266, 35.36489486694336 >> 60, 60 | 10.946696627206808
# at 7/11/2016, 1:27:04 PM, a new structure of weight 100000
20, 60 >> 60, 60 | 44.45312511573728
20, 1.7 >> 60, 1.7 | 0
20, 1.7 >> 20, 60 | 61.668185849709275
20, 60 >> 49.029788970947266, 35.36489486694336 | 110.76401669503626
49.029788970947266, 35.36489486694336 >> 20, 1.7 | 59.3303763610285
# at 7/11/2016, 1:27:05 PM, a new structure of weight 100000
20, 60 >> 60, 60 | 44.45312511573728
20, 1.7 >> 60, 1.7 | 0
20, 1.7 >> 20, 60 | 61.668185849709275
20, 60 >> 49.029788970947266, 35.36489486694336 | 110.76401669503626
# at 7/11/2016, 1:27:09 PM, a new structure of weight 100000
20, 60 >> 60, 60 | 44.45312511573728
20, 1.7 >> 60, 1.7 | 0
20, 1.7 >> 20, 60 | 61.668185849709275
20, 60 >> 49.029788970947266, 35.36489486694336 | 110.76401669503626
49.029788970947266, 35.36489486694336 >> 60, 60 | 150
# at 7/11/2016, 1:27:11 PM, a new structure of weight 100000
20, 60 >> 60, 60 | 44.45312511573728
20, 1.7 >> 60, 1.7 | 0
20, 1.7 >> 20, 60 | 61.668185849709275
20, 60 >> 49.029788970947266, 35.36489486694336 | 110.76401669503626
49.029788970947266, 35.36489486694336 >> 60, 60 | 150
49.029788970947266, 35.36489486694336 >> 20, 1.7 | 150
# at 7/11/2016, 1:27:14 PM, a new structure of weight 100000
20, 60 >> 60, 60 | 44.45312511573728
20, 1.7 >> 60, 1.7 | 0
20, 1.7 >> 20, 60 | 61.668185849709275
20, 60 >> 49.029788970947266, 35.36489486694336 | 110.76401669503626
49.029788970947266, 35.36489486694336 >> 60, 60 | 150
# at 7/11/2016, 1:27:17 PM, a new structure of weight 100000
20, 60 >> 60, 60 | 44.45312511573728
20, 1.7 >> 60, 1.7 | 0
20, 1.7 >> 20, 60 | 61.668185849709275
20, 60 >> 49.029788970947266, 35.36489486694336 | 110.76401669503626
49.029788970947266, 35.36489486694336 >> 60, 60 | 150
49.029788970947266, 35.36489486694336 >> 60, 1.7 | 150
# at 7/11/2016, 1:27:20 PM, a new structure of weight 17237.730694105136
20, 60 >> 60, 60 | 44.45312511573728
20, 1.7 >> 60, 1.7 | 0
20, 1.7 >> 20, 60 | 61.668185849709275
20, 60 >> 49.029788970947266, 35.36489486694336 | 110.76401669503626
49.029788970947266, 35.36489486694336 >> 60, 60 | 10.946696627206808
49.029788970947266, 35.36489486694336 >> 60, 1.7 | 133.15228121012044
49.029788970947266, 35.36489486694336 >> 20, 1.7 | 59.3303763610285
# at 7/11/2016, 1:27:23 PM, a new structure of weight 100000
20, 60 >> 60, 60 | 44.45312511573728
20, 1.7 >> 60, 1.7 | 0
20, 1.7 >> 20, 60 | 61.668185849709275
20, 60 >> 49.029788970947266, 35.36489486694336 | 110.76401669503626
49.029788970947266, 35.36489486694336 >> 60, 1.7 | 133.15228121012044
49.029788970947266, 35.36489486694336 >> 20, 1.7 | 59.3303763610285
# at 7/11/2016, 1:27:27 PM, a new structure of weight 17237.730694105136
20, 60 >> 60, 60 | 44.45312511573728
20, 1.7 >> 60, 1.7 | 0
20, 1.7 >> 20, 60 | 61.668185849709275
20, 60 >> 49.029788970947266, 35.36489486694336 | 110.76401669503626
49.029788970947266, 35.36489486694336 >> 60, 1.7 | 133.15228121012044
49.029788970947266, 35.36489486694336 >> 20, 1.7 | 59.3303763610285
49.029788970947266, 35.36489486694336 >> 60, 60 | 10.946696627206808
# at 7/11/2016, 1:27:36 PM, a new structure of weight 17227.31986779778
20, 60 >> 60, 60 | 43.718108554332545
20, 1.7 >> 60, 1.7 | 0
20, 1.7 >> 20, 60 | 60.17075993792394
20, 60 >> 50.49616622924805, 34.43876266479492 | 109.23673993234301
50.49616622924805, 34.43876266479492 >> 60, 1.7 | 131.82654395778684
50.49616622924805, 34.43876266479492 >> 20, 1.7 | 63.451996130191475
50.49616622924805, 34.43876266479492 >> 60, 60 | 10.66884406928963
# at 7/11/2016, 1:27:50 PM, a new structure of weight 17227.31986779778
20, 60 >> 60, 60 | 43.718108554332545
20, 1.7 >> 20, 60 | 60.17075993792394
20, 60 >> 50.49616622924805, 34.43876266479492 | 109.23673993234301
50.49616622924805, 34.43876266479492 >> 60, 1.7 | 131.82654395778684
50.49616622924805, 34.43876266479492 >> 20, 1.7 | 63.451996130191475
50.49616622924805, 34.43876266479492 >> 60, 60 | 10.66884406928963
# at 7/11/2016, 1:27:55 PM, a new structure of weight 100000
20, 60 >> 60, 60 | 43.718108554332545
20, 1.7 >> 20, 60 | 60.17075993792394
# at 7/11/2016, 1:28:02 PM, a new structure of weight 100000
20, 60 >> 60, 60 | 43.718108554332545
20, 1.7 >> 20, 60 | 60.17075993792394
20, 60 >> 41.775089263916016, 31.96907615661621 | 150
# at 7/11/2016, 1:28:04 PM, a new structure of weight 100000
20, 60 >> 60, 60 | 43.718108554332545
20, 1.7 >> 20, 60 | 60.17075993792394
20, 60 >> 41.775089263916016, 31.96907615661621 | 150
20, 1.7 >> 41.775089263916016, 31.96907615661621 | 150
# at 7/11/2016, 1:28:06 PM, a new structure of weight 100000
20, 60 >> 60, 60 | 43.718108554332545
20, 1.7 >> 20, 60 | 60.17075993792394
20, 60 >> 41.775089263916016, 31.96907615661621 | 150
20, 1.7 >> 41.775089263916016, 31.96907615661621 | 150
60, 60 >> 41.775089263916016, 31.96907615661621 | 150
# at 7/11/2016, 1:28:09 PM, a new structure of weight 18634.944986795515
20, 60 >> 60, 60 | 46.501762548576075
20, 1.7 >> 20, 60 | 101.35317024035032
20, 60 >> 41.775089263916016, 31.96907615661621 | 141.0038743928435
20, 1.7 >> 41.775089263916016, 31.96907615661621 | 6.46356404715556
60, 60 >> 41.775089263916016, 31.96907615661621 | 11.927807681999345
41.775089263916016, 31.96907615661621 >> 60, 1.7 | 147.77659366289498
# at 7/11/2016, 1:28:12 PM, a new structure of weight 100000
20, 60 >> 60, 60 | 46.501762548576075
20, 1.7 >> 20, 60 | 101.35317024035032
20, 1.7 >> 41.775089263916016, 31.96907615661621 | 6.46356404715556
60, 60 >> 41.775089263916016, 31.96907615661621 | 11.927807681999345
41.775089263916016, 31.96907615661621 >> 60, 1.7 | 147.77659366289498
# at 7/11/2016, 1:28:15 PM, a new structure of weight 18634.944986795515
20, 60 >> 60, 60 | 46.501762548576075
20, 1.7 >> 20, 60 | 101.35317024035032
20, 1.7 >> 41.775089263916016, 31.96907615661621 | 6.46356404715556
60, 60 >> 41.775089263916016, 31.96907615661621 | 11.927807681999345
41.775089263916016, 31.96907615661621 >> 60, 1.7 | 147.77659366289498
41.775089263916016, 31.96907615661621 >> 20, 60 | 141.0038743928435
# at 7/11/2016, 1:28:18 PM, a new structure of weight 100000
20, 60 >> 60, 60 | 46.501762548576075
20, 1.7 >> 20, 60 | 101.35317024035032
60, 60 >> 41.775089263916016, 31.96907615661621 | 11.927807681999345
41.775089263916016, 31.96907615661621 >> 60, 1.7 | 147.77659366289498
41.775089263916016, 31.96907615661621 >> 20, 60 | 141.0038743928435
# at 7/11/2016, 1:28:21 PM, a new structure of weight 18634.94498679551
20, 60 >> 60, 60 | 46.501762548576075
20, 1.7 >> 20, 60 | 101.35317024035032
60, 60 >> 41.775089263916016, 31.96907615661621 | 11.927807681999345
41.775089263916016, 31.96907615661621 >> 60, 1.7 | 147.77659366289498
41.775089263916016, 31.96907615661621 >> 20, 60 | 141.0038743928435
20, 1.7 >> 41.775089263916016, 31.96907615661621 | 6.46356404715556
# at 7/11/2016, 1:28:23 PM, a new structure of weight 100000
20, 60 >> 60, 60 | 46.501762548576075
20, 1.7 >> 20, 60 | 101.35317024035032
60, 60 >> 41.775089263916016, 31.96907615661621 | 11.927807681999345
41.775089263916016, 31.96907615661621 >> 20, 60 | 141.0038743928435
20, 1.7 >> 41.775089263916016, 31.96907615661621 | 6.46356404715556
# at 7/11/2016, 1:28:27 PM, a new structure of weight 18634.94498679551
20, 60 >> 60, 60 | 46.501762548576075
20, 1.7 >> 20, 60 | 101.35317024035032
60, 60 >> 41.775089263916016, 31.96907615661621 | 11.927807681999345
41.775089263916016, 31.96907615661621 >> 20, 60 | 141.0038743928435
20, 1.7 >> 41.775089263916016, 31.96907615661621 | 6.46356404715556
41.775089263916016, 31.96907615661621 >> 60, 1.7 | 147.77659366289498
# at 7/11/2016, 1:28:33 PM, a new structure of weight 17260.421930323824
20, 60 >> 60, 60 | 42.976217113011366
20, 1.7 >> 20, 60 | 58.431966634679654
60, 60 >> 52.11689758300781, 33.512630462646484 | 10.433495589116461
52.11689758300781, 33.512630462646484 >> 20, 60 | 107.554612502737
20, 1.7 >> 52.11689758300781, 33.512630462646484 | 68.44657395126808
52.11689758300781, 33.512630462646484 >> 60, 1.7 | 130.42908781774204
# at 7/11/2016, 1:29:07 PM, a new structure of weight 17254.948952334107
20, 60 >> 60, 60 | 43.609990295063284
20, 1.7 >> 20, 60 | 65.28574310549367
60, 60 >> 50.18745422363281, 32.818031311035156 | 10.631648091097048
50.18745422363281, 32.818031311035156 >> 20, 60 | 112.51036301871373
20, 1.7 >> 50.18745422363281, 32.818031311035156 | 57.560335811640066
50.18745422363281, 32.818031311035156 >> 60, 1.7 | 132.7452268630646
# at 7/11/2016, 1:29:10 PM, a new structure of weight 17256.2560815393
20, 60 >> 60, 60 | 43.716272091527784
20, 1.7 >> 20, 60 | 65.53271040359161
60, 60 >> 49.9559211730957, 32.97238540649414 | 10.668204204935384
49.9559211730957, 32.97238540649414 >> 20, 60 | 112.75465738395563
20, 1.7 >> 49.9559211730957, 32.97238540649414 | 56.86876149723349
49.9559211730957, 32.97238540649414 >> 60, 1.7 | 132.96972765261634
# at 7/11/2016, 1:29:20 PM, a new structure of weight 100000
20, 1.7 >> 20, 60 | 65.53271040359161
60, 60 >> 49.9559211730957, 32.97238540649414 | 10.668204204935384
49.9559211730957, 32.97238540649414 >> 20, 60 | 112.75465738395563
20, 1.7 >> 49.9559211730957, 32.97238540649414 | 56.86876149723349
49.9559211730957, 32.97238540649414 >> 60, 1.7 | 132.96972765261634
# at 7/11/2016, 1:29:23 PM, a new structure of weight 19001.000792624145
20, 1.7 >> 20, 60 | 26.089872150437465
60, 60 >> 49.9559211730957, 32.97238540649414 | 114.82829500838584
49.9559211730957, 32.97238540649414 >> 20, 60 | 53.874695299686515
20, 1.7 >> 49.9559211730957, 32.97238540649414 | 111.48788930034341
49.9559211730957, 32.97238540649414 >> 60, 1.7 | 9.41500090480383
60, 1.7 >> 60, 60 | 117.63612909824363
# at 7/11/2016, 1:29:29 PM, a new structure of weight 15102.187861362127
20, 1.7 >> 20, 60 | 20.280195673427745
60, 60 >> 40.3087158203125, 44.62621307373047 | 50.74736256164122
40.3087158203125, 44.62621307373047 >> 20, 60 | 50.16865610744109
20, 1.7 >> 40.3087158203125, 44.62621307373047 | 95.4930282998216
40.3087158203125, 44.62621307373047 >> 60, 1.7 | 93.92409891473608
60, 1.7 >> 60, 60 | 41.229669091335985

# saved# at 7/11/2016, 1:30:14 PM, a new structure of weight 100000
20, 1.7 >> 20, 60 | 20.280195673427745
60, 1.7 >> 60, 60 | 41.229669091335985
# at 7/11/2016, 1:30:18 PM, a new structure of weight 100000
20, 1.7 >> 20, 60 | 20.280195673427745
60, 1.7 >> 60, 60 | 41.229669091335985
20, 1.7 >> 60, 60 | 150
# at 7/11/2016, 1:30:20 PM, a new structure of weight 100000
20, 1.7 >> 20, 60 | 20.280195673427745
60, 1.7 >> 60, 60 | 41.229669091335985
41.85226821899414, 35.056182861328125 >> 20, 1.7 | 150
41.85226821899414, 35.056182861328125 >> 60, 60 | 150
60, 1.7 >> 41.85226821899414, 35.056182861328125 | 150
# at 7/11/2016, 1:30:23 PM, a new structure of weight 16023.263108585867
20, 1.7 >> 20, 60 | 35.65903432896839
60, 1.7 >> 60, 60 | 64.9795355594338
41.85226821899414, 35.056182861328125 >> 20, 1.7 | 84.80888340263247
41.85226821899414, 35.056182861328125 >> 60, 60 | 67.99081872386913
60, 1.7 >> 41.85226821899414, 35.056182861328125 | 70.150116189663
20, 60 >> 41.85226821899414, 35.056182861328125 | 60.70215423719572
# at 7/11/2016, 1:30:30 PM, a new structure of weight 15106.814536358568
20, 1.7 >> 20, 60 | 16.580987608820916
60, 1.7 >> 60, 60 | 37.20366409144098
40.231536865234375, 46.5556526184082 >> 20, 1.7 | 98.75199641543863
40.231536865234375, 46.5556526184082 >> 60, 60 | 48.37398056732951
60, 1.7 >> 40.231536865234375, 46.5556526184082 | 97.69310819846544
20, 60 >> 40.231536865234375, 46.5556526184082 | 48.0265825755044
